<?xml version="1.0"?>
<opencv_storage>
<Intrinsics type_id="opencv-matrix">
  <rows>3</rows>
  <cols>3</cols>
  <dt>f</dt>
  <data>
    5.13259602e+000 0. 2.75523743e+002 0. -1.85523472e+001
    2.26016876e+002 0. 0. 1.</data></Intrinsics>
</opencv_storage>
